{"n_node": 30, "n_agent": 1, "time_steps": 5000000, "reward_for_invalid_action": -200.0, "reward_for_goal": 0, "reward_exceed_horizon": -1.1, "horizon_length_factor": 5, "factor_expensive_edge": 1.0, "prop_stoch": 0.5, "k_edges": null, "grid_size": null, "random_seed_for_training": 100, "random_seed_for_inference": 40, "discount_factor": 1.0, "anneal_lr": false, "learning_rate": 0.001, "num_update_epochs": 8, "log_directory": "node30/seed_100_prop_0.5_update_8_steps_2400_minibatch_4_ent_0.1_clip_0.1", "hand_crafted_graph": "None", "wandb_mode": "online", "wandb_project_name": "node30_first_tune", "num_steps_before_update": 2400, "gae_lambda": 0.95, "clip_eps": 0.1, "vf_coeff": 0.01, "ent_coeff": 0.1, "anneal_ent_coeff": true, "num_minibatches": 4, "deterministic_inference_policy": true}
{
    "current_datetime": "2024-11-25 22:42:02"
}
{"Total training time in seconds": 1090.0688440799713}
{"Total Loss": -8.917628292692825e-05, "Weighted Value Loss": 2.3638762650080025e-06, "Actor Loss": -9.122530900640413e-05, "Weighted Entropy Loss": 0.000655871257185936}
Training results: 
{
    "final_regret": 0.0,
    "final_competitive_ratio": 1.0,
    "avg_reward_last_episode": -0.07000000029802322,
    "max_reward": -0.07000000029802322
}
Testing results: 
{
    "average_regret": 0.005053476430475712,
    "average_competitive_ratio": 1.0842245817184448,
    "average_reward": -0.07000000029802322
}
Policy: 
[
[NaN, NaN, NaN, NaN, NaN, NaN, NaN, NaN, NaN, NaN, NaN, NaN, NaN, NaN, NaN, NaN, NaN, NaN, NaN, NaN, NaN, NaN, NaN, NaN, NaN, NaN, NaN, NaN, NaN, NaN],
[NaN, NaN, NaN, NaN, NaN, NaN, NaN, NaN, NaN, NaN, NaN, NaN, NaN, NaN, NaN, NaN, NaN, NaN, NaN, NaN, NaN, NaN, NaN, NaN, NaN, NaN, NaN, NaN, NaN, NaN],
[NaN, NaN, NaN, NaN, NaN, NaN, NaN, NaN, NaN, NaN, NaN, NaN, NaN, NaN, NaN, NaN, NaN, NaN, NaN, NaN, NaN, NaN, NaN, NaN, NaN, NaN, NaN, NaN, NaN, NaN],
[0.0, 0.0, 0.0, 0.0, 0.0, 0.0, 0.0, 0.0, 0.0, 0.0, 0.0, 0.0, 0.0, 0.0, 0.0, 0.0, 0.0, 0.0, 0.0, 0.0, 1.0, 0.0, 0.0, 0.0, 0.0, 0.0, 0.0, 0.0, 0.0, 0.0],
[NaN, NaN, NaN, NaN, NaN, NaN, NaN, NaN, NaN, NaN, NaN, NaN, NaN, NaN, NaN, NaN, NaN, NaN, NaN, NaN, NaN, NaN, NaN, NaN, NaN, NaN, NaN, NaN, NaN, NaN],
[NaN, NaN, NaN, NaN, NaN, NaN, NaN, NaN, NaN, NaN, NaN, NaN, NaN, NaN, NaN, NaN, NaN, NaN, NaN, NaN, NaN, NaN, NaN, NaN, NaN, NaN, NaN, NaN, NaN, NaN],
[0.0, 0.0, 0.0, 1.0, 0.0, 0.0, 0.0, 0.0, 0.0, 0.0, 0.0, 0.0, 0.0, 0.0, 0.0, 0.0, 0.0, 0.0, 0.0, 0.0, 0.0, 0.0, 0.0, 0.0, 0.0, 0.0, 0.0, 0.0, 0.0, 0.0],
[0.0, 0.0, 0.0, 0.0, 0.0, 0.0, 0.0, 0.0, 0.0, 0.0, 0.0, 0.0, 0.0, 0.0, 0.0, 0.0, 0.0, 0.0, 0.0, 0.0, 0.0, 0.0, 0.0, 0.0, 0.0, 1.0, 0.0, 0.0, 0.0, 0.0],
[NaN, NaN, NaN, NaN, NaN, NaN, NaN, NaN, NaN, NaN, NaN, NaN, NaN, NaN, NaN, NaN, NaN, NaN, NaN, NaN, NaN, NaN, NaN, NaN, NaN, NaN, NaN, NaN, NaN, NaN],
[NaN, NaN, NaN, NaN, NaN, NaN, NaN, NaN, NaN, NaN, NaN, NaN, NaN, NaN, NaN, NaN, NaN, NaN, NaN, NaN, NaN, NaN, NaN, NaN, NaN, NaN, NaN, NaN, NaN, NaN],
[0.0, 0.0, 0.0, 0.0, 0.0, 0.0, 0.0, 0.0, 0.0, 0.0, 0.0, 0.0, 0.0, 0.0, 0.0, 0.0, 0.0, 0.0, 0.0, 0.0, 0.0, 0.0, 0.0, 0.0, 0.0, 0.0, 0.0, 1.0, 0.0, 0.0],
[NaN, NaN, NaN, NaN, NaN, NaN, NaN, NaN, NaN, NaN, NaN, NaN, NaN, NaN, NaN, NaN, NaN, NaN, NaN, NaN, NaN, NaN, NaN, NaN, NaN, NaN, NaN, NaN, NaN, NaN],
[NaN, NaN, NaN, NaN, NaN, NaN, NaN, NaN, NaN, NaN, NaN, NaN, NaN, NaN, NaN, NaN, NaN, NaN, NaN, NaN, NaN, NaN, NaN, NaN, NaN, NaN, NaN, NaN, NaN, NaN],
[0.0, 0.0, 0.0, 0.0, 0.0, 0.0, 0.0, 1.0, 0.0, 0.0, 0.0, 0.0, 0.0, 0.0, 0.0, 0.0, 0.0, 0.0, 0.0, 0.0, 0.0, 0.0, 0.0, 0.0, 0.0, 0.0, 0.0, 0.0, 0.0, 0.0],
[NaN, NaN, NaN, NaN, NaN, NaN, NaN, NaN, NaN, NaN, NaN, NaN, NaN, NaN, NaN, NaN, NaN, NaN, NaN, NaN, NaN, NaN, NaN, NaN, NaN, NaN, NaN, NaN, NaN, NaN],
[NaN, NaN, NaN, NaN, NaN, NaN, NaN, NaN, NaN, NaN, NaN, NaN, NaN, NaN, NaN, NaN, NaN, NaN, NaN, NaN, NaN, NaN, NaN, NaN, NaN, NaN, NaN, NaN, NaN, NaN],
[NaN, NaN, NaN, NaN, NaN, NaN, NaN, NaN, NaN, NaN, NaN, NaN, NaN, NaN, NaN, NaN, NaN, NaN, NaN, NaN, NaN, NaN, NaN, NaN, NaN, NaN, NaN, NaN, NaN, NaN],
[NaN, NaN, NaN, NaN, NaN, NaN, NaN, NaN, NaN, NaN, NaN, NaN, NaN, NaN, NaN, NaN, NaN, NaN, NaN, NaN, NaN, NaN, NaN, NaN, NaN, NaN, NaN, NaN, NaN, NaN],
[0.0, 0.0, 0.0, 0.0, 0.0, 0.0, 0.0, 0.0, 0.0, 0.0, 0.0, 0.0, 0.0, 1.0, 0.0, 0.0, 0.0, 0.0, 0.0, 0.0, 0.0, 0.0, 0.0, 0.0, 0.0, 0.0, 0.0, 0.0, 0.0, 0.0],
[NaN, NaN, NaN, NaN, NaN, NaN, NaN, NaN, NaN, NaN, NaN, NaN, NaN, NaN, NaN, NaN, NaN, NaN, NaN, NaN, NaN, NaN, NaN, NaN, NaN, NaN, NaN, NaN, NaN, NaN],
[NaN, NaN, NaN, NaN, NaN, NaN, NaN, NaN, NaN, NaN, NaN, NaN, NaN, NaN, NaN, NaN, NaN, NaN, NaN, NaN, NaN, NaN, NaN, NaN, NaN, NaN, NaN, NaN, NaN, NaN],
[NaN, NaN, NaN, NaN, NaN, NaN, NaN, NaN, NaN, NaN, NaN, NaN, NaN, NaN, NaN, NaN, NaN, NaN, NaN, NaN, NaN, NaN, NaN, NaN, NaN, NaN, NaN, NaN, NaN, NaN],
[NaN, NaN, NaN, NaN, NaN, NaN, NaN, NaN, NaN, NaN, NaN, NaN, NaN, NaN, NaN, NaN, NaN, NaN, NaN, NaN, NaN, NaN, NaN, NaN, NaN, NaN, NaN, NaN, NaN, NaN],
[NaN, NaN, NaN, NaN, NaN, NaN, NaN, NaN, NaN, NaN, NaN, NaN, NaN, NaN, NaN, NaN, NaN, NaN, NaN, NaN, NaN, NaN, NaN, NaN, NaN, NaN, NaN, NaN, NaN, NaN],
[NaN, NaN, NaN, NaN, NaN, NaN, NaN, NaN, NaN, NaN, NaN, NaN, NaN, NaN, NaN, NaN, NaN, NaN, NaN, NaN, NaN, NaN, NaN, NaN, NaN, NaN, NaN, NaN, NaN, NaN],
[0.0, 0.0, 0.0, 0.0, 0.0, 0.0, 0.0, 0.0, 0.0, 0.0, 1.0, 0.0, 0.0, 0.0, 0.0, 0.0, 0.0, 0.0, 0.0, 0.0, 0.0, 0.0, 0.0, 0.0, 0.0, 0.0, 0.0, 0.0, 0.0, 0.0],
[NaN, NaN, NaN, NaN, NaN, NaN, NaN, NaN, NaN, NaN, NaN, NaN, NaN, NaN, NaN, NaN, NaN, NaN, NaN, NaN, NaN, NaN, NaN, NaN, NaN, NaN, NaN, NaN, NaN, NaN],
[0.0, 0.0, 0.0, 0.0, 0.0, 0.0, 1.0, 0.0, 0.0, 0.0, 0.0, 0.0, 0.0, 0.0, 0.0, 0.0, 0.0, 0.0, 0.0, 0.0, 0.0, 0.0, 0.0, 0.0, 0.0, 0.0, 0.0, 0.0, 0.0, 0.0],
[NaN, NaN, NaN, NaN, NaN, NaN, NaN, NaN, NaN, NaN, NaN, NaN, NaN, NaN, NaN, NaN, NaN, NaN, NaN, NaN, NaN, NaN, NaN, NaN, NaN, NaN, NaN, NaN, NaN, NaN],
[NaN, NaN, NaN, NaN, NaN, NaN, NaN, NaN, NaN, NaN, NaN, NaN, NaN, NaN, NaN, NaN, NaN, NaN, NaN, NaN, NaN, NaN, NaN, NaN, NaN, NaN, NaN, NaN, NaN, NaN]
]
Network architecture: 
params/Beginning_CNN_Block_0/conv_1/bias: (32,)
params/Beginning_CNN_Block_0/conv_1/kernel: (1, 1, 3, 32)
params/Beginning_CNN_Block_0/conv_2/bias: (32,)
params/Beginning_CNN_Block_0/conv_2/kernel: (4, 4, 32, 32)
params/Beginning_CNN_Block_0/conv_3/bias: (32,)
params/Beginning_CNN_Block_0/conv_3/kernel: (4, 4, 32, 32)
params/Beginning_CNN_Block_1/conv_1/bias: (15,)
params/Beginning_CNN_Block_1/conv_1/kernel: (1, 1, 3, 15)
params/Beginning_CNN_Block_1/conv_2/bias: (15,)
params/Beginning_CNN_Block_1/conv_2/kernel: (4, 4, 15, 15)
params/Beginning_CNN_Block_1/conv_3/bias: (15,)
params/Beginning_CNN_Block_1/conv_3/kernel: (4, 4, 15, 15)
params/End_Block_0/next_to_last_dense/bias: (32,)
params/End_Block_0/next_to_last_dense/kernel: (0, 32)
params/End_Block_1/next_to_last_dense/bias: (32,)
params/End_Block_1/next_to_last_dense/kernel: (0, 32)
params/Middle_FC_Block_0/Dense_0/bias: (512,)
params/Middle_FC_Block_0/Dense_0/kernel: (32, 512)
params/Middle_FC_Block_0/Dense_1/bias: (256,)
params/Middle_FC_Block_0/Dense_1/kernel: (512, 256)
params/Middle_FC_Block_1/Dense_0/bias: (128,)
params/Middle_FC_Block_1/Dense_0/kernel: (256, 128)
params/Middle_FC_Block_1/Dense_1/bias: (64,)
params/Middle_FC_Block_1/Dense_1/kernel: (128, 64)
params/Middle_FC_Block_2/Dense_0/bias: (512,)
params/Middle_FC_Block_2/Dense_0/kernel: (15, 512)
params/Middle_FC_Block_2/Dense_1/bias: (256,)
params/Middle_FC_Block_2/Dense_1/kernel: (512, 256)
params/Middle_FC_Block_3/Dense_0/bias: (128,)
params/Middle_FC_Block_3/Dense_0/kernel: (256, 128)
params/Middle_FC_Block_3/Dense_1/bias: (64,)
params/Middle_FC_Block_3/Dense_1/kernel: (128, 64)
params/actor_dense_actions/bias: (30,)
params/actor_dense_actions/kernel: (32, 30)
params/critic_dense_actions/bias: (1,)
params/critic_dense_actions/kernel: (32, 1)

Graph Weights: 
[
[-1.0, -1.0, 0.00798797607421875, -1.0, -1.0, 0.0225982666015625, -1.0, -1.0, -1.0, 0.007747650146484375, -1.0, 0.017333984375, -1.0, -1.0, 0.001369476318359375, -1.0, -1.0, -1.0, -1.0, 0.00433349609375, -1.0, -1.0, -1.0, -1.0, -1.0, -1.0, -1.0, -1.0, -1.0, -1.0],
[-1.0, -1.0, -1.0, -1.0, 0.0086669921875, -1.0, 0.0159759521484375, -1.0, -1.0, -1.0, -1.0, -1.0, 0.00612640380859375, -1.0, -1.0, -1.0, -1.0, -1.0, -1.0, -1.0, -1.0, -1.0, -1.0, -1.0, -1.0, -1.0, 0.00968170166015625, 0.003063201904296875, -1.0, -1.0],
[0.00798797607421875, -1.0, -1.0, -1.0, -1.0, -1.0, -1.0, -1.0, -1.0, 0.0019369125366210938, -1.0, 0.00968170166015625, -1.0, -1.0, -1.0, -1.0, -1.0, -1.0, -1.0, -1.0, -1.0, -1.0, -1.0, -1.0, -1.0, -1.0, -1.0, -1.0, -1.0, -1.0],
[-1.0, -1.0, -1.0, -1.0, -1.0, -1.0, 0.0087738037109375, -1.0, -1.0, -1.0, -1.0, -1.0, -1.0, -1.0, -1.0, 0.022308349609375, -1.0, -1.0, -1.0, -1.0, 0.004108428955078125, -1.0, -1.0, -1.0, -1.0, -1.0, -1.0, -1.0, -1.0, 0.01104736328125],
[-1.0, 0.0086669921875, -1.0, -1.0, -1.0, -1.0, -1.0, -1.0, -1.0, -1.0, -1.0, -1.0, 0.00612640380859375, -1.0, -1.0, -1.0, -1.0, -1.0, -1.0, -1.0, -1.0, -1.0, -1.0, 0.003063201904296875, 0.0068511962890625, -1.0, 0.00433349609375, -1.0, -1.0, -1.0],
[0.0225982666015625, -1.0, -1.0, -1.0, -1.0, -1.0, -1.0, -1.0, -1.0, -1.0, -1.0, 0.0054779052734375, -1.0, -1.0, -1.0, 0.0068511962890625, -1.0, -1.0, -1.0, -1.0, -1.0, -1.0, 0.01512908935546875, -1.0, -1.0, -1.0, -1.0, -1.0, -1.0, -1.0],
[-1.0, 0.0159759521484375, -1.0, 0.0087738037109375, -1.0, -1.0, -1.0, -1.0, -1.0, -1.0, -1.0, -1.0, -1.0, -1.0, -1.0, -1.0, 0.03314208984375, -1.0, -1.0, -1.0, 0.00612640380859375, -1.0, -1.0, -1.0, -1.0, -1.0, 0.0242767333984375, 0.0164947509765625, 0.03448486328125, 0.0164337158203125],
[-1.0, -1.0, -1.0, -1.0, -1.0, -1.0, -1.0, -1.0, -1.0, -1.0, -1.0, -1.0, -1.0, 0.0106964111328125, -1.0, -1.0, -1.0, 0.0160369873046875, -1.0, 0.00821685791015625, -1.0, 0.008331298828125, -1.0, 0.01299285888671875, -1.0, 0.00273895263671875, -1.0, -1.0, -1.0, -1.0],
[-1.0, -1.0, -1.0, -1.0, -1.0, -1.0, -1.0, -1.0, -1.0, -1.0, -1.0, -1.0, -1.0, -1.0, 0.001369476318359375, -1.0, -1.0, -1.0, 0.00737762451171875, 0.00433349609375, -1.0, 0.004108428955078125, -1.0, -1.0, -1.0, -1.0, -1.0, -1.0, -1.0, -1.0],
[0.007747650146484375, -1.0, 0.0019369125366210938, -1.0, -1.0, -1.0, -1.0, -1.0, -1.0, -1.0, 0.01299285888671875, 0.010955810546875, -1.0, -1.0, -1.0, -1.0, -1.0, -1.0, -1.0, 0.006984710693359375, -1.0, -1.0, -1.0, -1.0, -1.0, 0.00798797607421875, -1.0, -1.0, -1.0, -1.0],
[-1.0, -1.0, -1.0, -1.0, -1.0, -1.0, -1.0, -1.0, -1.0, 0.01299285888671875, -1.0, 0.01410675048828125, 0.0068511962890625, -1.0, -1.0, -1.0, -1.0, -1.0, -1.0, -1.0, -1.0, -1.0, 0.01396942138671875, -1.0, 0.00433349609375, 0.00988006591796875, -1.0, 0.01043701171875, -1.0, -1.0],
[0.017333984375, -1.0, 0.00968170166015625, -1.0, -1.0, 0.0054779052734375, -1.0, -1.0, -1.0, 0.010955810546875, 0.01410675048828125, -1.0, -1.0, -1.0, -1.0, -1.0, -1.0, -1.0, -1.0, -1.0, -1.0, -1.0, 0.0165557861328125, -1.0, -1.0, -1.0, -1.0, -1.0, -1.0, -1.0],
[-1.0, 0.00612640380859375, -1.0, -1.0, 0.00612640380859375, -1.0, -1.0, -1.0, -1.0, -1.0, 0.0068511962890625, -1.0, -1.0, -1.0, -1.0, -1.0, -1.0, -1.0, -1.0, -1.0, -1.0, -1.0, -1.0, -1.0, 0.003063201904296875, -1.0, -1.0, 0.004940032958984375, -1.0, -1.0],
[-1.0, -1.0, -1.0, -1.0, -1.0, -1.0, -1.0, 0.0106964111328125, -1.0, -1.0, -1.0, -1.0, -1.0, -1.0, -1.0, -1.0, -1.0, 0.0220947265625, 0.00273895263671875, -1.0, -1.0, 0.006984710693359375, -1.0, -1.0, -1.0, -1.0, -1.0, -1.0, 0.02880859375, -1.0],
[0.001369476318359375, -1.0, -1.0, -1.0, -1.0, -1.0, -1.0, -1.0, 0.001369476318359375, -1.0, -1.0, -1.0, -1.0, -1.0, -1.0, -1.0, -1.0, -1.0, -1.0, 0.004108428955078125, -1.0, -1.0, -1.0, -1.0, -1.0, -1.0, -1.0, -1.0, -1.0, -1.0],
[-1.0, -1.0, -1.0, 0.022308349609375, -1.0, 0.0068511962890625, -1.0, -1.0, -1.0, -1.0, -1.0, -1.0, -1.0, -1.0, -1.0, -1.0, -1.0, -1.0, -1.0, -1.0, -1.0, -1.0, 0.01171112060546875, -1.0, -1.0, -1.0, -1.0, -1.0, -1.0, 0.0124053955078125],
[-1.0, -1.0, -1.0, -1.0, -1.0, -1.0, 0.03314208984375, -1.0, -1.0, -1.0, -1.0, -1.0, -1.0, -1.0, -1.0, -1.0, -1.0, 0.0068511962890625, -1.0, -1.0, -1.0, -1.0, -1.0, -1.0, -1.0, -1.0, 0.00997161865234375, -1.0, 0.001369476318359375, -1.0],
[-1.0, -1.0, -1.0, -1.0, -1.0, -1.0, -1.0, 0.0160369873046875, -1.0, -1.0, -1.0, -1.0, -1.0, 0.0220947265625, -1.0, -1.0, 0.0068511962890625, -1.0, -1.0, -1.0, -1.0, -1.0, -1.0, 0.00997161865234375, -1.0, -1.0, 0.01043701171875, -1.0, 0.006984710693359375, -1.0],
[-1.0, -1.0, -1.0, -1.0, -1.0, -1.0, -1.0, -1.0, 0.00737762451171875, -1.0, -1.0, -1.0, -1.0, 0.00273895263671875, -1.0, -1.0, -1.0, -1.0, -1.0, -1.0, 1.0, 0.006984710693359375, -1.0, -1.0, -1.0, -1.0, -1.0, -1.0, -1.0, -1.0],
[0.00433349609375, -1.0, -1.0, -1.0, -1.0, -1.0, -1.0, 0.00821685791015625, 0.00433349609375, 0.006984710693359375, -1.0, -1.0, -1.0, -1.0, 0.004108428955078125, -1.0, -1.0, -1.0, -1.0, -1.0, -1.0, 0.001369476318359375, -1.0, -1.0, -1.0, 0.0086669921875, -1.0, -1.0, -1.0, -1.0],
[-1.0, -1.0, -1.0, 0.004108428955078125, -1.0, -1.0, 0.00612640380859375, -1.0, -1.0, -1.0, -1.0, -1.0, -1.0, -1.0, -1.0, -1.0, -1.0, -1.0, 1.0, -1.0, -1.0, -1.0, -1.0, -1.0, -1.0, -1.0, -1.0, -1.0, -1.0, -1.0],
[-1.0, -1.0, -1.0, -1.0, -1.0, -1.0, -1.0, 0.008331298828125, 0.004108428955078125, -1.0, -1.0, -1.0, -1.0, 0.006984710693359375, -1.0, -1.0, -1.0, -1.0, 0.006984710693359375, 0.001369476318359375, -1.0, -1.0, -1.0, -1.0, -1.0, -1.0, -1.0, -1.0, -1.0, -1.0],
[-1.0, -1.0, -1.0, -1.0, -1.0, 0.01512908935546875, -1.0, -1.0, -1.0, -1.0, 0.01396942138671875, 0.0165557861328125, -1.0, -1.0, -1.0, 0.01171112060546875, -1.0, -1.0, -1.0, -1.0, -1.0, -1.0, -1.0, -1.0, -1.0, -1.0, -1.0, 0.01177978515625, -1.0, 0.003063201904296875],
[-1.0, -1.0, -1.0, -1.0, 0.003063201904296875, -1.0, -1.0, 0.01299285888671875, -1.0, -1.0, -1.0, -1.0, -1.0, -1.0, -1.0, -1.0, -1.0, 0.00997161865234375, -1.0, -1.0, -1.0, -1.0, -1.0, -1.0, 0.00612640380859375, 0.0124053955078125, 0.0068511962890625, -1.0, -1.0, -1.0],
[-1.0, -1.0, -1.0, -1.0, 0.0068511962890625, -1.0, -1.0, -1.0, -1.0, -1.0, 0.00433349609375, -1.0, 0.003063201904296875, -1.0, -1.0, -1.0, -1.0, -1.0, -1.0, -1.0, -1.0, -1.0, -1.0, 0.00612640380859375, -1.0, 0.01177978515625, -1.0, -1.0, -1.0, -1.0],
[-1.0, -1.0, -1.0, -1.0, -1.0, -1.0, -1.0, 0.00273895263671875, -1.0, 0.00798797607421875, 0.00988006591796875, -1.0, -1.0, -1.0, -1.0, -1.0, -1.0, -1.0, -1.0, 0.0086669921875, -1.0, -1.0, -1.0, 0.0124053955078125, 0.01177978515625, -1.0, -1.0, -1.0, -1.0, -1.0],
[-1.0, 0.00968170166015625, -1.0, -1.0, 0.00433349609375, -1.0, 0.0242767333984375, -1.0, -1.0, -1.0, -1.0, -1.0, -1.0, -1.0, -1.0, -1.0, 0.00997161865234375, 0.01043701171875, -1.0, -1.0, -1.0, -1.0, -1.0, 0.0068511962890625, -1.0, -1.0, -1.0, -1.0, -1.0, -1.0],
[-1.0, 0.003063201904296875, -1.0, -1.0, -1.0, -1.0, 0.0164947509765625, -1.0, -1.0, -1.0, 0.01043701171875, -1.0, 0.004940032958984375, -1.0, -1.0, -1.0, -1.0, -1.0, -1.0, -1.0, -1.0, -1.0, 0.01177978515625, -1.0, -1.0, -1.0, -1.0, -1.0, -1.0, 0.01349639892578125],
[-1.0, -1.0, -1.0, -1.0, -1.0, -1.0, 0.03448486328125, -1.0, -1.0, -1.0, -1.0, -1.0, -1.0, 0.02880859375, -1.0, -1.0, 0.001369476318359375, 0.006984710693359375, -1.0, -1.0, -1.0, -1.0, -1.0, -1.0, -1.0, -1.0, -1.0, -1.0, -1.0, -1.0],
[-1.0, -1.0, -1.0, 0.01104736328125, -1.0, -1.0, 0.0164337158203125, -1.0, -1.0, -1.0, -1.0, -1.0, -1.0, -1.0, -1.0, 0.0124053955078125, -1.0, -1.0, -1.0, -1.0, -1.0, -1.0, 0.003063201904296875, -1.0, -1.0, -1.0, -1.0, 0.01349639892578125, -1.0, -1.0]
]
Blocking Probabilities: 
[
[1.0, 1.0, 0.77978515625, 1.0, 1.0, 0.0, 1.0, 1.0, 1.0, 0.0, 1.0, 0.0, 1.0, 1.0, 0.0, 1.0, 1.0, 1.0, 1.0, 0.0, 1.0, 1.0, 1.0, 1.0, 1.0, 1.0, 1.0, 1.0, 1.0, 1.0],
[1.0, 1.0, 1.0, 1.0, 0.85009765625, 1.0, 0.83984375, 1.0, 1.0, 1.0, 1.0, 1.0, 0.0, 1.0, 1.0, 1.0, 1.0, 1.0, 1.0, 1.0, 1.0, 1.0, 1.0, 1.0, 1.0, 1.0, 0.0, 0.0, 1.0, 1.0],
[0.77978515625, 1.0, 1.0, 1.0, 1.0, 1.0, 1.0, 1.0, 1.0, 0.330078125, 1.0, 0.669921875, 1.0, 1.0, 1.0, 1.0, 1.0, 1.0, 1.0, 1.0, 1.0, 1.0, 1.0, 1.0, 1.0, 1.0, 1.0, 1.0, 1.0, 1.0],
[1.0, 1.0, 1.0, 1.0, 1.0, 1.0, 0.0, 1.0, 1.0, 1.0, 1.0, 1.0, 1.0, 1.0, 1.0, 0.81005859375, 1.0, 1.0, 1.0, 1.0, 0.0, 1.0, 1.0, 1.0, 1.0, 1.0, 1.0, 1.0, 1.0, 0.93017578125],
[1.0, 0.85009765625, 1.0, 1.0, 1.0, 1.0, 1.0, 1.0, 1.0, 1.0, 1.0, 1.0, 0.0, 1.0, 1.0, 1.0, 1.0, 1.0, 1.0, 1.0, 1.0, 1.0, 1.0, 0.320068359375, 0.0, 1.0, 0.0, 1.0, 1.0, 1.0],
[0.0, 1.0, 1.0, 1.0, 1.0, 1.0, 1.0, 1.0, 1.0, 1.0, 1.0, 0.300048828125, 1.0, 1.0, 1.0, 0.469970703125, 1.0, 1.0, 1.0, 1.0, 1.0, 1.0, 0.0, 1.0, 1.0, 1.0, 1.0, 1.0, 1.0, 1.0],
[1.0, 0.83984375, 1.0, 0.0, 1.0, 1.0, 1.0, 1.0, 1.0, 1.0, 1.0, 1.0, 1.0, 1.0, 1.0, 1.0, 0.2099609375, 1.0, 1.0, 1.0, 0.5400390625, 1.0, 1.0, 1.0, 1.0, 1.0, 0.0, 0.0, 0.029998779296875, 0.340087890625],
[1.0, 1.0, 1.0, 1.0, 1.0, 1.0, 1.0, 1.0, 1.0, 1.0, 1.0, 1.0, 1.0, 0.0, 1.0, 1.0, 1.0, 0.0, 1.0, 0.509765625, 1.0, 0.0, 1.0, 0.0, 1.0, 0.0, 1.0, 1.0, 1.0, 1.0],
[1.0, 1.0, 1.0, 1.0, 1.0, 1.0, 1.0, 1.0, 1.0, 1.0, 1.0, 1.0, 1.0, 1.0, 0.0, 1.0, 1.0, 1.0, 0.340087890625, 0.830078125, 1.0, 0.5, 1.0, 1.0, 1.0, 1.0, 1.0, 1.0, 1.0, 1.0],
[0.0, 1.0, 0.330078125, 1.0, 1.0, 1.0, 1.0, 1.0, 1.0, 1.0, 0.3798828125, 0.35009765625, 1.0, 1.0, 1.0, 1.0, 1.0, 1.0, 1.0, 0.0, 1.0, 1.0, 1.0, 1.0, 1.0, 0.239990234375, 1.0, 1.0, 1.0, 1.0],
[1.0, 1.0, 1.0, 1.0, 1.0, 1.0, 1.0, 1.0, 1.0, 0.3798828125, 1.0, 0.489990234375, 0.0, 1.0, 1.0, 1.0, 1.0, 1.0, 1.0, 1.0, 1.0, 1.0, 0.52978515625, 1.0, 0.029998779296875, 0.0, 1.0, 0.0, 1.0, 1.0],
[0.0, 1.0, 0.669921875, 1.0, 1.0, 0.300048828125, 1.0, 1.0, 1.0, 0.35009765625, 0.489990234375, 1.0, 1.0, 1.0, 1.0, 1.0, 1.0, 1.0, 1.0, 1.0, 1.0, 1.0, 0.0, 1.0, 1.0, 1.0, 1.0, 1.0, 1.0, 1.0],
[1.0, 0.0, 1.0, 1.0, 0.0, 1.0, 1.0, 1.0, 1.0, 1.0, 0.0, 1.0, 1.0, 1.0, 1.0, 1.0, 1.0, 1.0, 1.0, 1.0, 1.0, 1.0, 1.0, 1.0, 0.0, 1.0, 1.0, 0.0, 1.0, 1.0],
[1.0, 1.0, 1.0, 1.0, 1.0, 1.0, 1.0, 0.0, 1.0, 1.0, 1.0, 1.0, 1.0, 1.0, 1.0, 1.0, 1.0, 0.5, 0.0, 1.0, 1.0, 0.60009765625, 1.0, 1.0, 1.0, 1.0, 1.0, 1.0, 0.1600341796875, 1.0],
[0.0, 1.0, 1.0, 1.0, 1.0, 1.0, 1.0, 1.0, 0.0, 1.0, 1.0, 1.0, 1.0, 1.0, 1.0, 1.0, 1.0, 1.0, 1.0, 0.6298828125, 1.0, 1.0, 1.0, 1.0, 1.0, 1.0, 1.0, 1.0, 1.0, 1.0],
[1.0, 1.0, 1.0, 0.81005859375, 1.0, 0.469970703125, 1.0, 1.0, 1.0, 1.0, 1.0, 1.0, 1.0, 1.0, 1.0, 1.0, 1.0, 1.0, 1.0, 1.0, 1.0, 1.0, 0.0, 1.0, 1.0, 1.0, 1.0, 1.0, 1.0, 0.0],
[1.0, 1.0, 1.0, 1.0, 1.0, 1.0, 0.2099609375, 1.0, 1.0, 1.0, 1.0, 1.0, 1.0, 1.0, 1.0, 1.0, 1.0, 0.64013671875, 1.0, 1.0, 1.0, 1.0, 1.0, 1.0, 1.0, 1.0, 0.81982421875, 1.0, 0.64013671875, 1.0],
[1.0, 1.0, 1.0, 1.0, 1.0, 1.0, 1.0, 0.0, 1.0, 1.0, 1.0, 1.0, 1.0, 0.5, 1.0, 1.0, 0.64013671875, 1.0, 1.0, 1.0, 1.0, 1.0, 1.0, 0.0, 1.0, 1.0, 0.320068359375, 1.0, 0.0, 1.0],
[1.0, 1.0, 1.0, 1.0, 1.0, 1.0, 1.0, 1.0, 0.340087890625, 1.0, 1.0, 1.0, 1.0, 0.0, 1.0, 1.0, 1.0, 1.0, 1.0, 1.0, 0.0, 0.66015625, 1.0, 1.0, 1.0, 1.0, 1.0, 1.0, 1.0, 1.0],
[0.0, 1.0, 1.0, 1.0, 1.0, 1.0, 1.0, 0.509765625, 0.830078125, 0.0, 1.0, 1.0, 1.0, 1.0, 0.6298828125, 1.0, 1.0, 1.0, 1.0, 1.0, 1.0, 0.0, 1.0, 1.0, 1.0, 0.0, 1.0, 1.0, 1.0, 1.0],
[1.0, 1.0, 1.0, 0.0, 1.0, 1.0, 0.5400390625, 1.0, 1.0, 1.0, 1.0, 1.0, 1.0, 1.0, 1.0, 1.0, 1.0, 1.0, 0.0, 1.0, 1.0, 1.0, 1.0, 1.0, 1.0, 1.0, 1.0, 1.0, 1.0, 1.0],
[1.0, 1.0, 1.0, 1.0, 1.0, 1.0, 1.0, 0.0, 0.5, 1.0, 1.0, 1.0, 1.0, 0.60009765625, 1.0, 1.0, 1.0, 1.0, 0.66015625, 0.0, 1.0, 1.0, 1.0, 1.0, 1.0, 1.0, 1.0, 1.0, 1.0, 1.0],
[1.0, 1.0, 1.0, 1.0, 1.0, 0.0, 1.0, 1.0, 1.0, 1.0, 0.52978515625, 0.0, 1.0, 1.0, 1.0, 0.0, 1.0, 1.0, 1.0, 1.0, 1.0, 1.0, 1.0, 1.0, 1.0, 1.0, 1.0, 0.31005859375, 1.0, 0.0],
[1.0, 1.0, 1.0, 1.0, 0.320068359375, 1.0, 1.0, 0.0, 1.0, 1.0, 1.0, 1.0, 1.0, 1.0, 1.0, 1.0, 1.0, 0.0, 1.0, 1.0, 1.0, 1.0, 1.0, 1.0, 0.0999755859375, 0.580078125, 0.669921875, 1.0, 1.0, 1.0],
[1.0, 1.0, 1.0, 1.0, 0.0, 1.0, 1.0, 1.0, 1.0, 1.0, 0.029998779296875, 1.0, 0.0, 1.0, 1.0, 1.0, 1.0, 1.0, 1.0, 1.0, 1.0, 1.0, 1.0, 0.0999755859375, 1.0, 0.469970703125, 1.0, 1.0, 1.0, 1.0],
[1.0, 1.0, 1.0, 1.0, 1.0, 1.0, 1.0, 0.0, 1.0, 0.239990234375, 0.0, 1.0, 1.0, 1.0, 1.0, 1.0, 1.0, 1.0, 1.0, 0.0, 1.0, 1.0, 1.0, 0.580078125, 0.469970703125, 1.0, 1.0, 1.0, 1.0, 1.0],
[1.0, 0.0, 1.0, 1.0, 0.0, 1.0, 0.0, 1.0, 1.0, 1.0, 1.0, 1.0, 1.0, 1.0, 1.0, 1.0, 0.81982421875, 0.320068359375, 1.0, 1.0, 1.0, 1.0, 1.0, 0.669921875, 1.0, 1.0, 1.0, 1.0, 1.0, 1.0],
[1.0, 0.0, 1.0, 1.0, 1.0, 1.0, 0.0, 1.0, 1.0, 1.0, 0.0, 1.0, 0.0, 1.0, 1.0, 1.0, 1.0, 1.0, 1.0, 1.0, 1.0, 1.0, 0.31005859375, 1.0, 1.0, 1.0, 1.0, 1.0, 1.0, 0.0],
[1.0, 1.0, 1.0, 1.0, 1.0, 1.0, 0.029998779296875, 1.0, 1.0, 1.0, 1.0, 1.0, 1.0, 0.1600341796875, 1.0, 1.0, 0.64013671875, 0.0, 1.0, 1.0, 1.0, 1.0, 1.0, 1.0, 1.0, 1.0, 1.0, 1.0, 1.0, 1.0],
[1.0, 1.0, 1.0, 0.93017578125, 1.0, 1.0, 0.340087890625, 1.0, 1.0, 1.0, 1.0, 1.0, 1.0, 1.0, 1.0, 0.0, 1.0, 1.0, 1.0, 1.0, 1.0, 1.0, 0.0, 1.0, 1.0, 1.0, 1.0, 0.0, 1.0, 1.0]
]